0 0.0000000
1 0.0174524
2 0.0348995
3 0.0523360
4 0.0697565
5 0.0871557
6 0.1045285
7 0.1218693
8 0.1391731
9 0.1564345
10 0.1736482
11 0.1908090
12 0.2079117
13 0.2249511
14 0.2419219
15 0.2588190
16 0.2756374
17 0.2923717
18 0.3090170
19 0.3255682
20 0.3420201
21 0.3583679
22 0.3746066
23 0.3907311
24 0.4067366
25 0.4226183
26 0.4383711
27 0.4539905
28 0.4694716
29 0.4848096
30 0.5000000
31 0.5150381
32 0.5299193
33 0.5446390
34 0.5591929
35 0.5735764
36 0.5877853
37 0.6018150
38 0.6156615
39 0.6293204
40 0.6427876
41 0.6560590
42 0.6691306
43 0.6819984
44 0.6946584
45 0.7071068
46 0.7193398
47 0.7313537
48 0.7431448
49 0.7547096
50 0.7660444
51 0.7771460
52 0.7880108
53 0.7986355
54 0.8090170
55 0.8191520
56 0.8290376
57 0.8386706
58 0.8480481
59 0.8571673
60 0.8660254
61 0.8746197
62 0.8829476
63 0.8910065
64 0.8987940
65 0.9063078
66 0.9135455
67 0.9205049
68 0.9271839
69 0.9335804
70 0.9396926
71 0.9455186
72 0.9510565
73 0.9563048
74 0.9612617
75 0.9659258
76 0.9702957
77 0.9743701
78 0.9781476
79 0.9816272
80 0.9848078
81 0.9876883
82 0.9902681
83 0.9925462
84 0.9945219
85 0.9961947
86 0.9975641
87 0.9986295
88 0.9993908
89 0.9998477
90 1.0000000
91 0.9998477
92 0.9993908
93 0.9986295
94 0.9975641
95 0.9961947
96 0.9945219
97 0.9925462
98 0.9902681
99 0.9876883
100 0.9848078
101 0.9816272
102 0.9781476
103 0.9743701
104 0.9702957
105 0.9659258
106 0.9612617
107 0.9563048
108 0.9510565
109 0.9455186
110 0.9396926
111 0.9335804
112 0.9271839
113 0.9205049
114 0.9135455
115 0.9063078
116 0.8987940
117 0.8910065
118 0.8829476
119 0.8746197
120 0.8660254
121 0.8571673
122 0.8480481
123 0.8386706
124 0.8290376
125 0.8191520
126 0.8090170
127 0.7986355
128 0.7880108
129 0.7771460
130 0.7660444
131 0.7547096
132 0.7431448
133 0.7313537
134 0.7193398
135 0.7071068
136 0.6946584
137 0.6819984
138 0.6691306
139 0.6560590
140 0.6427876
141 0.6293204
142 0.6156615
143 0.6018150
144 0.5877853
145 0.5735764
146 0.5591929
147 0.5446390
148 0.5299193
149 0.5150381
150 0.5000000
151 0.4848096
152 0.4694716
153 0.4539905
154 0.4383711
155 0.4226183
156 0.4067366
157 0.3907311
158 0.3746066
159 0.3583679
160 0.3420201
161 0.3255682
162 0.3090170
163 0.2923717
164 0.2756374
165 0.2588190
166 0.2419219
167 0.2249511
168 0.2079117
169 0.1908090
170 0.1736482
171 0.1564345
172 0.1391731
173 0.1218693
174 0.1045285
175 0.0871557
176 0.0697565
177 0.0523360
178 0.0348995
179 0.0174524
180 0.0000000
181 -0.0174524
182 -0.0348995
183 -0.0523360
184 -0.0697565
185 -0.0871557
186 -0.1045285
187 -0.1218693
188 -0.1391731
189 -0.1564345
190 -0.1736482
191 -0.1908090
192 -0.2079117
193 -0.2249511
194 -0.2419219
195 -0.2588190
196 -0.2756374
197 -0.2923717
198 -0.3090170
199 -0.3255682
200 -0.3420201
201 -0.3583679
202 -0.3746066
203 -0.3907311
204 -0.4067366
205 -0.4226183
206 -0.4383711
207 -0.4539905
208 -0.4694716
209 -0.4848096
210 -0.5000000
211 -0.5150381
212 -0.5299193
213 -0.5446390
214 -0.5591929
215 -0.5735764
216 -0.5877853
217 -0.6018150
218 -0.6156615
219 -0.6293204
220 -0.6427876
221 -0.6560590
222 -0.6691306
223 -0.6819984
224 -0.6946584
225 -0.7071068
226 -0.7193398
227 -0.7313537
228 -0.7431448
229 -0.7547096
230 -0.7660444
231 -0.7771460
232 -0.7880108
233 -0.7986355
234 -0.8090170
235 -0.8191520
236 -0.8290376
237 -0.8386706
238 -0.8480481
239 -0.8571673
240 -0.8660254
241 -0.8746197
242 -0.8829476
243 -0.8910065
244 -0.8987940
245 -0.9063078
246 -0.9135455
247 -0.9205049
248 -0.9271839
249 -0.9335804
250 -0.9396926
251 -0.9455186
252 -0.9510565
253 -0.9563048
254 -0.9612617
255 -0.9659258
256 -0.9702957
257 -0.9743701
258 -0.9781476
259 -0.9816272
260 -0.9848078
261 -0.9876883
262 -0.9902681
263 -0.9925462
264 -0.9945219
265 -0.9961947
266 -0.9975641
267 -0.9986295
268 -0.9993908
269 -0.9998477
270 -1.0000000
271 -0.9998477
272 -0.9993908
273 -0.9986295
274 -0.9975641
275 -0.9961947
276 -0.9945219
277 -0.9925462
278 -0.9902681
279 -0.9876883
280 -0.9848078
281 -0.9816272
282 -0.9781476
283 -0.9743701
284 -0.9702957
285 -0.9659258
286 -0.9612617
287 -0.9563048
288 -0.9510565
289 -0.9455186
290 -0.9396926
291 -0.9335804
292 -0.9271839
293 -0.9205049
294 -0.9135455
295 -0.9063078
296 -0.8987940
297 -0.8910065
298 -0.8829476
299 -0.8746197
300 -0.8660254
301 -0.8571673
302 -0.8480481
303 -0.8386706
304 -0.8290376
305 -0.8191520
306 -0.8090170
307 -0.7986355
308 -0.7880108
309 -0.7771460
310 -0.7660444
311 -0.7547096
312 -0.7431448
313 -0.7313537
314 -0.7193398
315 -0.7071068
316 -0.6946584
317 -0.6819984
318 -0.6691306
319 -0.6560590
320 -0.6427876
321 -0.6293204
322 -0.6156615
323 -0.6018150
324 -0.5877853
325 -0.5735764
326 -0.5591929
327 -0.5446390
328 -0.5299193
329 -0.5150381
330 -0.5000000
331 -0.4848096
332 -0.4694716
333 -0.4539905
334 -0.4383711
335 -0.4226183
336 -0.4067366
337 -0.3907311
338 -0.3746066
339 -0.3583679
340 -0.3420201
341 -0.3255682
342 -0.3090170
343 -0.2923717
344 -0.2756374
345 -0.2588190
346 -0.2419219
347 -0.2249511
348 -0.2079117
349 -0.1908090
350 -0.1736482
351 -0.1564345
352 -0.1391731
353 -0.1218693
354 -0.1045285
355 -0.0871557
356 -0.0697565
357 -0.0523360
358 -0.0348995
359 -0.0174524
360 0.0000000